0.138336
0.154760
0.167136
0.182567
0.193275
0.202279
0.215880
0.228809
0.236743
0.242930
0.253897
0.270574
0.282087
0.292519
0.302740
0.318937
0.336156
0.354495
0.370444
0.385033
0.396364
0.403765
0.413533
0.430569
0.443398
0.460509
0.475203
0.489819
0.504078
0.515040
0.524196
0.535693
0.543526
0.557084
0.565036
0.577880
0.584221
0.593617
0.597997
0.604094
0.618772
0.623993
0.630241
0.637050
0.644784
0.656515
0.670340
0.679743
0.688632
0.696732
0.707625
0.713941
0.723430
0.730053
0.731645
0.739881
0.748040
0.759741
0.770113
0.775907
0.786233
0.792113
0.800613
0.806027
0.818997
0.830004
0.837518
0.848013
0.855275
0.858623
0.864798
0.868440
0.869504
0.877184
0.885376
0.886539
0.895850
0.898884
0.903872
0.908660
0.915199
0.918768
0.921097
0.927484
0.932514
0.933601
0.941734
0.950904
0.957515
0.959433
0.958191
0.963914
0.963218
0.961745
0.965922
0.973059
0.973775
0.974640
0.980870
0.982925
0.986891
0.993189
0.991265
0.992690
0.989969
0.992315
0.991353
0.992991
0.998335
0.994807
0.990828
0.997266
0.997763
0.995670
0.993697
0.995539
0.996584
0.996184
0.994180
0.995550
0.992666
0.993341
0.991099
0.993067
0.991332
0.985712
0.983720
0.982434
0.979492
0.979901
0.981267
0.972251
0.976674
0.973990
0.966015
0.963409
0.960531
0.955997
0.949865
0.946681
0.941378
0.939916
0.933521
0.923246
0.921773
0.915784
0.915891
0.905347
0.900316
0.890240
0.885906
0.885069
0.878770
0.870903
0.867428
0.859218
0.847046
0.840277
0.826392
0.821354
0.820557
0.810993
0.803164
0.793580
0.781389
0.769600
0.763844
0.755300
0.751655
0.746894
0.733532
0.726143
0.712009
0.706600
0.697569
0.691058
0.678305
0.667319
0.656850
0.647842
0.633994
0.626492
0.623250
0.618950
0.615856
0.601278
0.587370
0.577094
0.573739
0.562789
0.560054
0.549538
0.540372
0.524749
0.512192
0.504449
0.493445
0.486081
0.475795
0.461150
0.453722
0.442339
0.430853
0.419919
0.409084
0.396272
0.387114
0.376262
0.362104
0.351638
0.339156
0.330703
0.321816
0.312898
0.296182
0.282089
0.268053
0.259496
0.249531
0.238518
0.224412
0.209672
0.202414
0.187741
0.175895
0.165606
0.147940
0.138087
0.128830
0.116340
0.104561
0.094814
0.079899
0.067245
0.056543
0.044478
0.030324
0.018606
0.000883
-0.010842
-0.018722
-0.030218
-0.044011
-0.058414
-0.076514
-0.090009
-0.097225
-0.107759
-0.119819
-0.135516
-0.148072
-0.163609
-0.175956
-0.189012
-0.199671
-0.212476
-0.226536
-0.241735
-0.252701
-0.265629
-0.280483
-0.298313
-0.312502
-0.324321
-0.334088
-0.344663
-0.356541
-0.363935
-0.374369
-0.385986
-0.391575
-0.402882
-0.420447
-0.432276
-0.445219
-0.452903
-0.459174
-0.470266
-0.475083
-0.485871
-0.500509
-0.514624
-0.524833
-0.536795
-0.547338
-0.554234
-0.564152
-0.570441
-0.582166
-0.594082
-0.603514
-0.615888
-0.626902
-0.639342
-0.651516
-0.657967
-0.670467
-0.676009
-0.682595
-0.697599
-0.705091
-0.717797
-0.729037
-0.731516
-0.742920
-0.750533
-0.757403
-0.763380
-0.769198
-0.774545
-0.781761
-0.789092
-0.795959
-0.807053
-0.812281
-0.822154
-0.826320
-0.829656
-0.837755
-0.848028
-0.854868
-0.866032
-0.871373
-0.881051
-0.883464
-0.882610
-0.889074
-0.889765
-0.893316
-0.905027
-0.912876
-0.918075
-0.921902
-0.927757
-0.937750
-0.945015
-0.947125
-0.955869
-0.962130
-0.964377
-0.965737
-0.963992
-0.966767
-0.973148
-0.976114
-0.972994
-0.971256
-0.973070
-0.975484
-0.975591
-0.982190
-0.989667
-0.989404
-0.996014
-1.000705
-0.997663
-0.997409
-0.999581
-1.003379
-1.003286
-1.003414
-0.998812
-1.002734
-1.003170
-0.999408
-0.995034
-0.993573
-0.993395
-0.994084
-0.994414
-0.991426
-0.994553
-0.993426
-0.991207
-0.992411
-0.989455
-0.981796
-0.980243
-0.983851
-0.977825
-0.975181
-0.976057
-0.973433
-0.967679
-0.964360
-0.962213
-0.958536
-0.953869
-0.950423
-0.948233
-0.949680
-0.949667
-0.944246
-0.942295
-0.938948
-0.929551
-0.924660
-0.917124
-0.911963
-0.902924
-0.896175
-0.892604
-0.894258
-0.884602
-0.871719
-0.866388
-0.861380
-0.851034
-0.844359
-0.839119
-0.826672
-0.817352
-0.804241
-0.803999
-0.789896
-0.778026
-0.764700
-0.754999
-0.752965
-0.746226
-0.738395
-0.737308
-0.732085
-0.726997
-0.719720
